0 0.5628571421874999 0.697002140625 0.5728571421875001 0.6648822265625001 0.5728571421875001 0.6327623124999999 0.5657142859375 0.6027837265625 0.5700000000000001 0.538543896875 0.5642857140624999 0.4828693796875 0.5471428578124999 0.4379014984375 0.5307142859375 0.41541755937499997 0.5221428578125 0.41327623124999996 0.5007142859375 0.43040685156249997 0.47928571406250003 0.43040685156249997 0.426428571875 0.36188436875 0.41500000000000004 0.3576017125 0.4021428578125 0.370449678125 0.3778571421875 0.37473233437500003 0.3657142859375 0.390792290625 0.3728571421875 0.43361884375 0.328571428125 0.502141328125 0.3171428578125 0.5492505359375001 0.318571428125 0.5877944328125 0.365 0.70877944375 0.4407142859375 0.7387580296875 0.46571428593749997 0.73982869375 0.5492857140625 0.7130620984375 0.5628571421874999 0.697002140625
0 0.51 0.32226980781250003 0.4878571421875 0.2997858671875 0.4378571421875 0.2847965734375 0.426428571875 0.2890792296875 0.42142857187500005 0.298715203125 0.42142857187500005 0.3372591 0.43 0.369379015625 0.475 0.426124196875 0.5 0.42933618906250004 0.538571428125 0.395074946875 0.51 0.32226980781250003
0 0.65 0.8083511781249999 0.601428571875 0.6691648828125001 0.578571428125 0.6349036406249999 0.573571428125 0.6167023546875 0.58 0.6627409 0.5549999999999999 0.7109207703125 0.4607142859375 0.7430406859375001 0.4078571421875 0.7301927187499999 0.3878571421875 0.7152034265625 0.3692857140625 0.7152034265625 0.326428571875 0.614561028125 0.3071428578125 0.6306209843749999 0.2757142859375 0.7462526765625 0.2742857140625 0.782655246875 0.316428571875 0.8372591 0.3721428578125 0.8608137046875 0.43214285781250006 0.9250535328125 0.5221428578125 0.9250535328125 0.583571428125 0.9486081375 0.6 0.9475374734375 0.6071428578125 0.941113490625 0.65 0.8083511781249999
0 0.6478571421875 0.8244111343749999 0.638571428125 0.8468950749999999 0.638571428125 0.8640256953125001 0.6157142859375 0.900428265625 0.6042857140625 0.9475374734375 0.6842857140625 0.9561027843750001 0.6642857140625 0.8511777296874999 0.6478571421875 0.8244111343749999
0 0.55 1 0.5592857140625 0.9957173453125 0.5714285718750001 0.9710920765625 0.5707142859375 0.9464668093749999 0.526428571875 0.9271948609375 0.43499999999999994 0.9271948609375 0.375 0.865096359375 0.343571428125 0.850107065625 0.29285714218750003 0.9197002140625001 0.28428571406250003 0.9582441109375001 0.28428571406250003 0.9946466812500001 0.2892857140625 1 0.55 1
0 0.28571428593750003 1 0.28785714218749997 0.9250535328125 0.2707142859375 0.9293361890625 0.2571428578125 0.951820128125 0.251428571875 0.977516059375 0.255 1 0.28571428593750003 1
0 0.656428571875 0.9507494640624999 0.6121428578125 0.9528907921875 0.5928571421875 0.9753747328125 0.5900000000000001 0.9989293359375001 0.72 1 0.703571428125 0.9657387578125001 0.656428571875 0.9507494640624999
0 1 1 0.9992857140625 0.9764453968750001 0.9435714281250001 0.957173446875 0.9092857140625 0.9700214125000001 0.8550000000000001 0.9507494640624999 0.8292857140625 0.9550321203125 0.8235714281250001 0.9635974296875001 0.743571428125 0.957173446875 0.7071428578125001 0.96466809375 0.7192857140625 0.9914346890625 0.7392857140625 1 1 1
0 0.671428571875 0.9304068515624999 0.6757142859374999 0.9239828687499999 0.6728571421875 0.8982869375 0.6621428578125 0.8608137046875 0.6571428578125 0.86188436875 0.6542857140625 0.9068522484375 0.6528571421875 0.8533190578125 0.6614285718749999 0.8576017125 0.655 0.8329764453124999 0.65 0.8533190578125 0.631428571875 0.8832976453124999 0.636428571875 0.9057815843749999 0.6371428578125 0.8832976453124999 0.65 0.885438971875 0.65 0.936830834375 0.6392857140625 0.9400428265624999 0.636428571875 0.931477515625 0.6357142859375 0.9389721625 0.6492857140625 0.9443254812499999 0.6542857140625 0.9261241968749999 0.663571428125 0.920770878125 0.6642857140625 0.936830834375 0.6592857140625 0.93361884375 0.6571428578125 0.941113490625 0.668571428125 0.9496788015625001 0.6814285718749999 0.9432548187500001 0.671428571875 0.9304068515624999
0 0.7128571421875 1 0.718571428125 0.9903640250000001 0.7021428578125 0.9657387578125001 0.6607142859375 0.9507494640624999 0.585 0.9507494640624999 0.5292857140625 0.9271948609375 0.45499999999999996 0.931477515625 0.42928571406250005 0.9250535328125 0.376428571875 0.8672376875 0.346428571875 0.85224839375 0.33785714218749996 0.8543897218750001 0.29285714218750003 0.9197002140625001 0.28642857187500004 0.9507494640624999 0.281428571875 0.9453961453125 0.2828571421875 0.9946466812500001 0.2892857140625 1 0.7128571421875 1
